camera_matrix:
1430 0.0 320
0.0 1430 240
0.0 0.0 1.0

distortion_coeffs:
-0.0151731 1.19665 -0.00113377 0.0015228 -4.01517